run:
File to use: prize352.sud
Original Sudoku (prize352.sud)
-------------------------------------
|   |   |   | 5 |   | 1 | 4 |   |   |
-------------------------------------
|   |   |   |   |   |   |   | 5 | 7 |
-------------------------------------
| 4 |   | 6 |   |   |   |   | 2 |   |
-------------------------------------
|   | 2 |   | 6 | 4 |   | 8 |   |   |
-------------------------------------
|   |   | 4 |   |   |   | 7 |   |   |
-------------------------------------
|   |   | 5 |   | 1 | 8 |   | 9 |   |
-------------------------------------
|   | 4 |   |   |   |   | 1 |   | 2 |
-------------------------------------
| 6 | 3 |   |   |   |   |   |   |   |
-------------------------------------
|   |   | 9 | 3 |   | 5 |   |   |   |
-------------------------------------

Sudoku solved in 3.32s using the BreadthFirstSearch Algorithm
-------------------------------------
| 2 | 7 | 3 | 5 | 9 | 1 | 4 | 8 | 6 |
-------------------------------------
| 8 | 9 | 1 | 4 | 6 | 2 | 3 | 5 | 7 |
-------------------------------------
| 4 | 5 | 6 | 8 | 3 | 7 | 9 | 2 | 1 |
-------------------------------------
| 9 | 2 | 7 | 6 | 4 | 3 | 8 | 1 | 5 |
-------------------------------------
| 1 | 8 | 4 | 2 | 5 | 9 | 7 | 6 | 3 |
-------------------------------------
| 3 | 6 | 5 | 7 | 1 | 8 | 2 | 9 | 4 |
-------------------------------------
| 5 | 4 | 8 | 9 | 7 | 6 | 1 | 3 | 2 |
-------------------------------------
| 6 | 3 | 2 | 1 | 8 | 4 | 5 | 7 | 9 |
-------------------------------------
| 7 | 1 | 9 | 3 | 2 | 5 | 6 | 4 | 8 |
-------------------------------------

Sudoku solved in 1.98s using the DepthFirstSearch Algorithm
-------------------------------------
| 2 | 7 | 3 | 5 | 9 | 1 | 4 | 8 | 6 |
-------------------------------------
| 8 | 9 | 1 | 4 | 6 | 2 | 3 | 5 | 7 |
-------------------------------------
| 4 | 5 | 6 | 8 | 3 | 7 | 9 | 2 | 1 |
-------------------------------------
| 9 | 2 | 7 | 6 | 4 | 3 | 8 | 1 | 5 |
-------------------------------------
| 1 | 8 | 4 | 2 | 5 | 9 | 7 | 6 | 3 |
-------------------------------------
| 3 | 6 | 5 | 7 | 1 | 8 | 2 | 9 | 4 |
-------------------------------------
| 5 | 4 | 8 | 9 | 7 | 6 | 1 | 3 | 2 |
-------------------------------------
| 6 | 3 | 2 | 1 | 8 | 4 | 5 | 7 | 9 |
-------------------------------------
| 7 | 1 | 9 | 3 | 2 | 5 | 6 | 4 | 8 |
-------------------------------------

Sudoku solved in 1.95s using the DepthLimitedSearch Algorithm
-------------------------------------
| 2 | 7 | 3 | 5 | 9 | 1 | 4 | 8 | 6 |
-------------------------------------
| 8 | 9 | 1 | 4 | 6 | 2 | 3 | 5 | 7 |
-------------------------------------
| 4 | 5 | 6 | 8 | 3 | 7 | 9 | 2 | 1 |
-------------------------------------
| 9 | 2 | 7 | 6 | 4 | 3 | 8 | 1 | 5 |
-------------------------------------
| 1 | 8 | 4 | 2 | 5 | 9 | 7 | 6 | 3 |
-------------------------------------
| 3 | 6 | 5 | 7 | 1 | 8 | 2 | 9 | 4 |
-------------------------------------
| 5 | 4 | 8 | 9 | 7 | 6 | 1 | 3 | 2 |
-------------------------------------
| 6 | 3 | 2 | 1 | 8 | 4 | 5 | 7 | 9 |
-------------------------------------
| 7 | 1 | 9 | 3 | 2 | 5 | 6 | 4 | 8 |
-------------------------------------

Sudoku Impossible, worked out in 0.00s using the Elimination Algorithm
-------------------------------------
|   |   |   | 5 |   | 1 | 4 |   |   |
-------------------------------------
|   |   |   |   |   |   |   | 5 | 7 |
-------------------------------------
| 4 |   | 6 |   |   |   |   | 2 |   |
-------------------------------------
|   | 2 |   | 6 | 4 |   | 8 |   |   |
-------------------------------------
|   |   | 4 |   |   |   | 7 |   |   |
-------------------------------------
|   |   | 5 |   | 1 | 8 |   | 9 |   |
-------------------------------------
|   | 4 |   |   |   |   | 1 |   | 2 |
-------------------------------------
| 6 | 3 |   |   |   |   |   |   |   |
-------------------------------------
|   |   | 9 | 3 |   | 5 | 6 |   |   |
-------------------------------------

Sudoku solved in 1.56s using the EliminationXDepthFirstSearch Algorithm
-------------------------------------
| 2 | 7 | 3 | 5 | 9 | 1 | 4 | 8 | 6 |
-------------------------------------
| 8 | 9 | 1 | 4 | 6 | 2 | 3 | 5 | 7 |
-------------------------------------
| 4 | 5 | 6 | 8 | 3 | 7 | 9 | 2 | 1 |
-------------------------------------
| 9 | 2 | 7 | 6 | 4 | 3 | 8 | 1 | 5 |
-------------------------------------
| 1 | 8 | 4 | 2 | 5 | 9 | 7 | 6 | 3 |
-------------------------------------
| 3 | 6 | 5 | 7 | 1 | 8 | 2 | 9 | 4 |
-------------------------------------
| 5 | 4 | 8 | 9 | 7 | 6 | 1 | 3 | 2 |
-------------------------------------
| 6 | 3 | 2 | 1 | 8 | 4 | 5 | 7 | 9 |
-------------------------------------
| 7 | 1 | 9 | 3 | 2 | 5 | 6 | 4 | 8 |
-------------------------------------

BUILD SUCCESSFUL (total time: 26 seconds)
